 | SadadPay | [707,95][931,229]
SadadPay |  | [707,95][931,229]
 | SAFA | [483,95][707,229]
SAFA |  | [483,95][707,229]
 | Samsung Pass | [260,95][484,229]
Samsung Pass |  | [260,95][484,229]
 | Samsung Shop | [36,95][260,229]
Samsung Shop |  | [36,95][260,229]
 | Secure VPN | [707,229][931,505]
Secure VPN |  | [707,229][931,505]
 | Shopify | [483,229][707,505]
Shopify |  | [483,229][707,505]
 | Smart Switch | [260,229][484,505]
Smart Switch |  | [260,229][484,505]
 | Smart Tutor | [36,229][260,505]
Smart Tutor |  | [36,229][260,505]
 | SmartThings | [707,505][931,781]
SmartThings |  | [707,505][931,781]
 | Spotify | [483,505][707,781]
Spotify |  | [483,505][707,781]
 | Store | [260,505][484,781]
Store |  | [260,505][484,781]
 | Teams | [36,505][260,781]
Teams |  | [36,505][260,781]
 | Temu | [707,781][931,1057]
Temu |  | [707,781][931,1057]
 | Threads | [483,781][707,1057]
Threads |  | [483,781][707,1057]
 | Tracover | [260,781][484,1057]
Tracover |  | [260,781][484,1057]
 | UMTUBA | [36,781][260,1057]
UMTUBA |  | [36,781][260,1057]
 | Viber | [707,1057][931,1333]
Viber |  | [707,1057][931,1333]
 | Visa Airport Companion | [483,1057][707,1333]
Visa Airport Companion |  | [483,1057][707,1333]
 | Voice Changer | [260,1057][484,1333]
Voice Changer |  | [260,1057][484,1333]
 | VPN Super Unlimited Proxy | [36,1057][260,1333]
VPN Super Unlimited Proxy |  | [36,1057][260,1333]
 | Wallet | [707,1333][931,1609]
Wallet |  | [707,1333][931,1609]
 | WChat Online Tracker | [483,1333][707,1609]
WChat Online Tracker |  | [483,1333][707,1609]
 | WeChat | [260,1333][484,1609]
WeChat |  | [260,1333][484,1609]
 | Wio Business | [36,1333][260,1609]
Wio Business |  | [36,1333][260,1609]
 | Word | [707,1609][931,1885]
Word |  | [707,1609][931,1885]
 | YT Music | [483,1609][707,1885]
YT Music |  | [483,1609][707,1885]
 | Zoom | [260,1609][484,1885]
Zoom |  | [260,1609][484,1885]
 | דואר ישראל | [36,1609][260,1885]
דואר ישראל |  | [36,1609][260,1885]
 | לאומית | [707,1885][931,2161]
לאומית |  | [707,1885][931,2161]
 | مزيد من الخيارات | [43,106][169,232]
بحث |  | [284,2087][805,2224]
 | البحث الصوتي | [189,2108][284,2203]
