 | Zurück | [811,110][926,226]
‹ |  | [849,112][878,217]
Sprache |  | [0,132][811,203]
Wählen Sie eine UMTUBA-Sprache oder kehren Sie zur Gerätesprache zurück. |  | [52,263][915,369]
Ihre gewählte Sprache wird verwendet |  | [52,395][915,443]
Gerätesprache: العربية |  | [52,459][915,507]
 | العربية | [56,568][914,756]
العربية |  | [93,600][830,672]
Arabisch |  | [93,677][830,724]
› |  | [860,632][877,690]
 | English | [56,756][914,928]
English |  | [93,788][830,845]
Englisch |  | [93,850][830,897]
› |  | [860,813][877,871]
 | Français | [56,929][914,1101]
Français |  | [93,961][830,1018]
Französisch |  | [93,1023][830,1070]
› |  | [860,986][877,1044]
 | Español | [56,1102][914,1274]
Español |  | [93,1134][830,1191]
Spanisch |  | [93,1196][830,1243]
› |  | [860,1159][877,1217]
 | Deutsch | [56,1276][914,1449]
Deutsch |  | [93,1308][807,1365]
Deutsch |  | [93,1370][807,1417]
✓ |  | [837,1328][877,1395]
 | Português | [56,1449][914,1621]
Português |  | [93,1481][830,1538]
Portugiesisch |  | [93,1543][830,1590]
› |  | [860,1506][877,1564]
 | Gerätesprache verwenden | [53,1676][916,1802]
Gerätesprache verwenden |  | [267,1713][701,1764]
Deutsch |  | [52,1844][915,1891]
