 | Retour | [0,121][116,237]
‹ |  | [38,123][67,228]
Profil |  | [126,143][253,214]
 | Portefeuille 0 UM, niveau Spark. Ouvrir les récompenses. | [654,121][937,237]
0 UM |  | [688,155][771,202]
· |  | [786,155][795,202]
Spark |  | [811,155][902,202]
 | Avatar de UMTUBA Play Reviewer | [63,305][273,515]
U |  | [141,357][194,463]
UMTUBA Play Reviewer |  | [63,557][905,635]
@playreview |  | [63,645][905,696]
google-play-review@umtuba.com | E-mail google-play-review@umtuba.com | [63,722][905,769]
RACCOURCIS |  | [63,843][905,886]
 | Ouvrir les récompenses | [63,913][905,1049]
Récompenses |  | [102,952][369,1009]
› |  | [848,952][865,1010]
 | Ouvrir les notifications | [63,1076][905,1212]
Notifications |  | [102,1115][344,1172]
› |  | [848,1115][865,1173]
 | Ouvrir les réglages | [63,1239][905,1375]
Réglages |  | [102,1278][277,1335]
› |  | [848,1278][865,1336]
 | ▶, Regarder | [0,2122][161,2250]
▶ |  | [66,2151][95,2191]
Regarder |  | [25,2208][136,2245]
 | ◎, Découvrir | [161,2122][323,2250]
◎ |  | [232,2151][250,2191]
Découvrir |  | [183,2208][300,2245]
 | ＋, Créer | [323,2122][484,2250]
＋ |  | [389,2150][417,2193]
Créer |  | [370,2208][436,2245]
 | ◉, Direct | [484,2122][645,2250]
◉ |  | [555,2151][573,2191]
Direct |  | [528,2208][600,2245]
 | ✉, Messages | [645,2122][807,2250]
✉ |  | [715,2151][736,2191]
Messages |  | [663,2208][788,2245]
 | ☺, Profil | [807,2122][968,2250]
☺ |  | [870,2152][904,2191]
Profil |  | [854,2208][920,2245]
