 | الهاتف | [707,95][931,363]
الهاتف |  | [707,95][931,363]
 | بولت | [483,95][707,363]
بولت |  | [483,95][707,363]
 | ترجمة | [260,95][484,363]
ترجمة |  | [260,95][484,363]
 | تلميحات | [36,95][260,363]
تلميحات |  | [36,95][260,363]
 | جهات الاتصال | [707,363][931,639]
جهات الاتصال |  | [707,363][931,639]
 | طلبات | [483,363][707,639]
طلبات |  | [483,363][707,639]
 | كهرباء القدس | [260,363][484,639]
كهرباء القدس |  | [260,363][484,639]
 | ماسح رموز QR مجاني | [36,363][260,639]
ماسح رموز QR مجاني |  | [36,363][260,639]
 | متجر Play | [707,639][931,915]
متجر Play |  | [707,639][931,915]
 | مجموعة أدوات الأعمال | [483,639][707,915]
مجموعة أدوات الأعمال |  | [483,639][707,915]
 | ملفاتي | [260,639][484,915]
ملفاتي |  | [260,639][484,915]
 | منو معاي | [36,639][260,915]
منو معاي |  | [36,639][260,915]
 | مهام Google | [707,915][931,1191]
مهام Google |  | [707,915][931,1191]
 | مواقيت فلسطين | [483,915][707,1191]
مواقيت فلسطين |  | [483,915][707,1191]
 | واتساب | [260,915][484,1191]
واتساب |  | [260,915][484,1191]
 | واتساب للأعمال | [36,915][260,1191]
واتساب للأعمال |  | [36,915][260,1191]
 | يوميات | [707,1191][931,1467]
يوميات |  | [707,1191][931,1467]
 | AI Writing | [483,1191][707,1467]
AI Writing |  | [483,1191][707,1467]
 | Airalo | [260,1191][484,1467]
Airalo |  | [260,1191][484,1467]
 | Al-Hijri | [36,1191][260,1467]
Al-Hijri |  | [36,1191][260,1467]
 | Alibaba.com | [707,1467][931,1743]
Alibaba.com |  | [707,1467][931,1743]
 | AliExpress | [483,1467][707,1743]
AliExpress |  | [483,1467][707,1743]
 | Bixby | [260,1467][484,1743]
Bixby |  | [260,1467][484,1743]
 | Blockchain | [36,1467][260,1743]
Blockchain |  | [36,1467][260,1743]
 | botim | [707,1743][931,2019]
botim |  | [707,1743][931,2019]
 | Call Recorder | [483,1743][707,2019]
Call Recorder |  | [483,1743][707,2019]
 | CallHippo | [260,1743][484,2019]
CallHippo |  | [260,1743][484,2019]
 | CamScanner | [36,1743][260,2019]
CamScanner |  | [36,1743][260,2019]
 | CapCut | [707,2019][931,2250]
CapCut |  | [707,2019][931,2250]
 | Cello | [483,2019][707,2250]
Cello |  | [483,2019][707,2250]
 | Central Park | [260,2019][484,2250]
Central Park |  | [260,2019][484,2250]
 | Deepsearch | [36,2019][260,2250]
Deepsearch |  | [36,2019][260,2250]
 | مزيد من الخيارات | [43,106][169,232]
بحث |  | [284,2087][805,2224]
 | البحث الصوتي | [189,2108][284,2203]
