 | Back | [0,121][116,237]
‹ |  | [38,123][67,228]
Profile |  | [126,143][281,214]
 | Wallet 25 UM, tier Spark. Open rewards. | [634,121][937,237]
25 UM |  | [668,155][771,202]
· |  | [786,155][795,202]
Spark |  | [811,155][902,202]
 | Avatar for UMTUBA Play Reviewer | [63,305][273,515]
U |  | [141,357][194,463]
UMTUBA Play Reviewer |  | [63,557][905,635]
@playreview |  | [63,645][905,696]
google-play-review@umtuba.com | Email google-play-review@umtuba.com | [63,722][905,769]
SHORTCUTS |  | [63,843][905,886]
 | Open rewards | [63,913][905,1049]
Rewards |  | [102,952][265,1009]
› |  | [848,952][865,1010]
 | Open notifications | [63,1076][905,1212]
Notifications |  | [102,1115][344,1172]
› |  | [848,1115][865,1173]
 | Open settings | [63,1239][905,1375]
Settings |  | [102,1278][259,1335]
› |  | [848,1278][865,1336]
 | ▶, Watch | [0,2122][161,2250]
▶ |  | [66,2151][95,2191]
Watch |  | [42,2208][118,2245]
 | ◎, Discover | [161,2122][323,2250]
◎ |  | [232,2151][250,2191]
Discover |  | [188,2208][294,2245]
 | ＋, Create | [323,2122][484,2250]
＋ |  | [389,2150][417,2193]
Create |  | [363,2208][443,2245]
 | ◉, Live | [484,2122][645,2250]
◉ |  | [555,2151][573,2191]
Live |  | [539,2208][589,2245]
 | ✉, Messages | [645,2122][807,2250]
✉ |  | [715,2151][736,2191]
Messages |  | [663,2208][788,2245]
 | ☺, Profile | [807,2122][968,2250]
☺ |  | [870,2152][904,2191]
Profile |  | [847,2208][927,2245]
