 | Back | [811,110][926,226]
‹ |  | [849,112][878,217]
Language |  | [0,132][811,203]
Choose a UMTUBA language, or return to your device language. |  | [52,263][915,369]
Using your selected language |  | [52,395][915,443]
Device language: العربية |  | [52,459][915,507]
 | العربية | [56,568][914,756]
العربية |  | [93,600][830,672]
Arabic |  | [93,677][830,724]
› |  | [860,632][877,690]
 | English | [56,756][914,928]
English |  | [93,788][807,845]
English |  | [93,850][807,897]
✓ |  | [837,808][877,875]
 | Français | [56,929][914,1101]
Français |  | [93,961][830,1018]
French |  | [93,1023][830,1070]
› |  | [860,986][877,1044]
 | Español | [56,1102][914,1274]
Español |  | [93,1134][830,1191]
Spanish |  | [93,1196][830,1243]
› |  | [860,1159][877,1217]
 | Deutsch | [56,1276][914,1449]
Deutsch |  | [93,1308][830,1365]
German |  | [93,1370][830,1417]
› |  | [860,1333][877,1391]
 | Português | [56,1449][914,1621]
Português |  | [93,1481][830,1538]
Portuguese |  | [93,1543][830,1590]
› |  | [860,1506][877,1564]
 | Use device language | [53,1676][916,1802]
Use device language |  | [312,1713][656,1764]
English |  | [52,1844][915,1891]