 | رجوع | [811,110][926,226]
› |  | [849,112][878,217]
اللغة |  | [0,122][811,213]
اختر لغة UMTUBA، أو ارجع إلى لغة جهازك. |  | [52,263][915,316]
تُستخدم اللغة التي اخترتها |  | [52,342][915,390]
لغة الجهاز: العربية |  | [52,406][915,454]
 | العربية | [56,515][914,715]
العربية |  | [164,547][878,619]
العربية |  | [164,624][878,683]
✓ |  | [92,581][132,648]
 | English | [56,715][914,899]
English |  | [141,747][878,804]
الإنجليزية |  | [141,809][878,868]
‹ |  | [92,778][109,836]
 | Français | [56,900][914,1084]
Français |  | [141,932][878,989]
الفرنسية |  | [141,994][878,1053]
‹ |  | [92,963][109,1021]
 | Español | [56,1085][914,1269]
Español |  | [141,1117][878,1174]
الإسبانية |  | [141,1179][878,1238]
‹ |  | [92,1148][109,1206]
 | Deutsch | [56,1271][914,1456]
Deutsch |  | [141,1303][878,1360]
الألمانية |  | [141,1365][878,1424]
‹ |  | [92,1334][109,1392]
 | Português | [56,1456][914,1640]
Português |  | [141,1488][878,1545]
البرتغالية |  | [141,1550][878,1609]
‹ |  | [92,1519][109,1577]
 | استخدام لغة الجهاز | [53,1695][916,1821]
استخدام لغة الجهاز |  | [352,1726][617,1789]
العربية |  | [52,1863][915,1922]
