 | رجوع | [853,121][968,237]
› |  | [901,123][930,228]
الملف |  | [739,133][842,224]
 | المحفظة 25 UM، المستوى Spark. افتح المكافآت. | [32,121][334,237]
25 UM |  | [197,155][300,202]
· |  | [172,155][181,202]
Spark |  | [66,155][157,202]
 | صورة UMTUBA Play Reviewer | [695,305][905,515]
U |  | [773,357][826,463]
UMTUBA Play Reviewer |  | [63,557][905,635]
@playreview |  | [63,645][905,696]
google-play-review@umtuba.com | البريد google-play-review@umtuba.com | [63,722][905,769]
اختصارات |  | [63,843][905,897]
 | فتح المكافآت | [63,924][905,1074]
المكافآت |  | [730,963][865,1035]
‹ |  | [102,970][119,1028]
 | فتح الإشعارات | [63,1101][905,1251]
الإشعارات |  | [708,1140][865,1212]
‹ |  | [102,1147][119,1205]
 | فتح الإعدادات | [63,1278][905,1428]
الإعدادات |  | [712,1317][865,1389]
‹ |  | [102,1324][119,1382]
 | ▶, شاهد | [807,2122][968,2250]
▶ |  | [873,2151][902,2191]
شاهد |  | [860,2208][914,2250]
 | ◎, اكتشف | [645,2122][807,2250]
◎ |  | [716,2151][734,2191]
اكتشف |  | [690,2208][761,2250]
 | ＋, إنشاء | [484,2122][645,2250]
＋ |  | [550,2150][578,2193]
إنشاء |  | [537,2208][592,2250]
 | ◉, مباشر | [323,2122][484,2250]
◉ |  | [394,2151][412,2191]
مباشر |  | [374,2208][432,2250]
 | ✉, الرسائل | [161,2122][323,2250]
✉ |  | [231,2151][252,2191]
الرسائل |  | [203,2208][279,2250]
 | ☺, الملف | [0,2122][161,2250]
☺ |  | [63,2152][97,2191]
الملف |  | [53,2208][107,2250]
